-2.58000000000 	2.92000000000 
-2.40046618110 	2.74223893302 
-2.20567475367 	2.58126331273 
-2.01021361210 	2.42164619148 
-1.84567692588 	2.22984603413 
-1.71461237801 	2.01391864781 
-1.61311056172 	1.78289987756 
-1.53781496684 	1.54195138732 
-1.49226220917 	1.29365283585 
-1.47631329278 	1.04155117912 
-1.47354521599 	0.78887908207 
-1.47184801693 	0.53618145970 
-1.46309170494 	0.28368572077 
-1.44320550555 	0.03192905460 
-1.40575257162 	-0.21765953287 
-1.33075734238 	-0.45807740769 
-1.19187620737 	-0.66636980815 
-0.98895027184 	-0.81318580401 
-0.75671055665 	-0.91193249728 
-0.51699820354 	-0.99179303260 
-0.27227292526 	-1.05341834697 
-0.02501472622 	-1.10560076236 
0.22430160550 	-1.14651924374 
0.47410897820 	-1.18455189342 
0.72581550931 	-1.20698944376 
0.97775652584 	-1.22648994534 
1.23000000000 	-1.22000000000 
